0.522648
0.616693
0.509979
0.293551
-0.846768
0.849936
0.983142
0.173491
0.933978
0.501392
0.947803
0.525762
0.118230
0.052597
0.104185
0.083052
-0.150190
1.058151
1.056848
1.157293
1.232047
-0.017404
0.231303
0.350017
-0.273348
-0.001278
0.077642
-0.393344
-0.283739
0.229036
-0.098847
1.193816
-0.470889
0.935291
-0.012511
-0.048036
1.016657
-0.059086
0.029993
-0.155786
0.385415
0.026300
-0.053388
-0.291119
0.071444
0.888970
0.613512
0.933030
-0.199292
0.090712
0.940706
-0.104267
0.146574
0.887887
0.679069
-0.048507
-0.113661
0.144140
0.300833
0.190027
0.961720
0.126452
-0.168482
1.125727
0.549895
0.384752
0.110675
-0.223862
0.349784
1.229279
0.003111
-0.150920
0.750837
1.020620
1.225754
-0.061977
0.063817
-0.136914
0.950079
0.002703
1.278176
0.929595
-0.008942
0.580481
1.008986
0.230018
0.769045
-0.466815
0.555892
0.733031
0.285154
0.296187
0.887040
0.156174
-0.258188
-0.129775
0.436676
-0.229721
1.283430
1.342462
0.206809
-0.131319
-0.076884
0.451482
0.082101
0.008625
1.287774
0.942669
-0.033730
0.915535
0.333944
-0.009912
0.989231
1.023742
0.613366
0.040666
0.046205
0.816843
1.048117
-0.123524
0.164968
0.328598
-0.271167
-0.547403
0.103127
1.159606
1.091542
0.034225
-0.029341
0.304288
0.058701
0.006736
1.155134
1.083181
1.149156
0.348580
0.778843
0.166150
0.197687
0.160696
1.205017
1.030526
1.038640
-0.176097
0.069025
-0.134121
0.130359
0.335131
0.742882
0.944819
-0.258674
-0.540286
0.346888
-0.128346
0.921563
0.098879
0.703240
0.248836
0.655941
0.554519
0.239935
0.511434
-0.073266
-0.002878
-0.016280
-0.131893
-0.365211
0.459772
-0.077157
1.195076
-0.240927
1.282768
0.616649
-0.594744
0.019574
1.048119
0.241952
-0.173382
1.008848
0.382594
1.100238
-0.022196
0.881136
-0.224204
0.012038
-0.324417
0.215049
-0.179841
0.050354
1.029973
0.111319
-0.136276
-0.188268
1.189041
-0.298612
0.351861
-0.154717
0.339273
0.431935
-0.016917
1.358408
0.593976
1.168795
0.107641
0.892251
0.737024
-0.194462
-0.211496
0.165820
0.722766
0.327272
0.087553
0.168021
-0.089832
0.800419
0.323280
0.490148
0.908757
0.941544
1.084918
0.069212
0.583985
0.521163
1.093222
0.003347
1.241701
0.094583
0.286899
-0.276102
1.009280
0.457413
